

Game 15:


Player 1: 
0.859738
0.753263
0.013472
1.109863

Player 2: 
1.120746
0.890825
0.021329
1.115134

Player 3: 
1.029590
0.843251
0.013824
1.130253

Player 4: 
1.417591
1.229570
0.021484
1.160510

Player 5: 
0.816935
0.643181
0.011573
1.108847

Player 6: 
0.000000
0.000000
0.000000
0.000000

Player 7: 
0.000000
0.000000
0.000000
0.000000

Player 8: 
1.225569
0.947944
0.020257
1.130770

Player 9: 
0.000000
0.000000
0.000000
0.000000

Player 10: 
1.469425
1.118404
0.022589
1.137712

Player 11: 
0.918670
0.738338
0.015082
1.169616

Player 12: 
0.736002
0.627800
0.012400
1.118498

Player 13: 
0.867448
0.758425
0.014771
1.125100

Player 14: 
1.529586
1.163306
0.027662
1.208838

Player 15: 
0.000000
0.000000
0.000000
0.000000

Player 16: 
0.278610
0.340557
0.004423
1.057627

Player 17: 
0.000000
0.000000
0.000000
0.000000

Player 18: 
0.000000
0.000000
0.000000
0.000000

Player 19: 
0.000000
0.000000
0.000000
0.000000

Player 20: 
0.000000
0.000000
0.000000
0.000000

Player 21: 
0.000000
0.000000
0.000000
0.000000
Count:
10517.000000
10518.000000
10518.000000
10518.000000
10518.000000
0.000000
0.000000
10518.000000
0.000000
10518.000000
10518.000000
10518.000000
10518.000000
10518.000000
0.000000
10518.000000
0.000000
0.000000
0.000000
0.000000
0.000000
