

Game 33:


Player 1: 
1.746185
1.362589
0.027186
1.161923

Player 2: 
0.955682
0.867811
0.017656
1.099367

Player 3: 
1.608418
1.188411
0.020284
1.139664

Player 4: 
1.574540
1.447216
0.024701
1.172230

Player 5: 
1.299485
1.129343
0.018344
1.138191

Player 6: 
0.000000
0.000000
0.000000
0.000000

Player 7: 
1.316464
1.120788
0.021114
1.133882

Player 8: 
0.500099
0.468113
0.008169
1.086502

Player 9: 
0.000000
0.000000
0.000000
0.000000

Player 10: 
0.000000
0.000000
0.000000
0.000000

Player 11: 
1.049870
0.875986
0.019410
1.179027

Player 12: 
0.000000
0.000000
0.000000
0.000000

Player 13: 
1.003091
0.940581
0.018419
1.131645

Player 14: 
0.000000
0.000000
0.000000
0.000000

Player 15: 
0.762983
0.691686
0.012007
1.085361

Player 16: 
0.405876
0.457066
0.005726
1.067422

Player 17: 
0.000000
0.000000
0.000000
0.000000

Player 18: 
0.000000
0.000000
0.000000
0.000000

Player 19: 
0.000000
0.000000
0.000000
0.000000

Player 20: 
0.000000
0.000000
0.000000
0.000000

Player 21: 
0.000000
0.000000
0.000000
0.000000
Count:
10328.000000
10329.000000
10329.000000
10329.000000
10329.000000
0.000000
10329.000000
10329.000000
0.000000
0.000000
10329.000000
0.000000
10329.000000
0.000000
10329.000000
10329.000000
0.000000
0.000000
0.000000
0.000000
0.000000
