

Game 13:


Player 1: 
0.871204
0.932794
0.015888
1.091871

Player 2: 
0.829284
0.698776
0.016076
1.099131

Player 3: 
1.533838
1.095064
0.017791
1.125719

Player 4: 
1.559053
1.351824
0.023264
1.172362

Player 5: 
0.818833
0.755833
0.010936
1.121331

Player 6: 
0.000000
0.000000
0.000000
0.000000

Player 7: 
1.095072
0.958636
0.017391
1.120912

Player 8: 
0.827115
0.743403
0.013669
1.112071

Player 9: 
0.000000
0.000000
0.000000
0.000000

Player 10: 
1.254017
0.938989
0.019496
1.122306

Player 11: 
1.055795
0.857562
0.017171
1.168864

Player 12: 
0.844286
0.676498
0.014352
1.115587

Player 13: 
0.935158
0.773604
0.016156
1.125174

Player 14: 
0.000000
0.000000
0.000000
0.000000

Player 15: 
0.000000
0.000000
0.000000
0.000000

Player 16: 
0.770717
0.676778
0.012549
1.117833

Player 17: 
0.000000
0.000000
0.000000
0.000000

Player 18: 
0.000000
0.000000
0.000000
0.000000

Player 19: 
0.000000
0.000000
0.000000
0.000000

Player 20: 
0.000000
0.000000
0.000000
0.000000

Player 21: 
0.000000
0.000000
0.000000
0.000000
Count:
11518.000000
11520.000000
11519.000000
11520.000000
11520.000000
0.000000
11520.000000
11520.000000
0.000000
11520.000000
11520.000000
11520.000000
11520.000000
0.000000
0.000000
11520.000000
0.000000
0.000000
0.000000
0.000000
0.000000
