

Game 36:


Player 1: 
1.752529
1.448958
0.027532
1.168666

Player 2: 
0.738102
0.755306
0.013668
1.087703

Player 3: 
1.597553
1.287459
0.021206
1.136049

Player 4: 
1.430648
1.379129
0.023643
1.172572

Player 5: 
1.166816
0.929620
0.016730
1.107784

Player 6: 
0.000000
0.000000
0.000000
0.000000

Player 7: 
1.529126
1.387755
0.026959
1.160436

Player 8: 
0.000000
0.000000
0.000000
0.000000

Player 9: 
0.000000
0.000000
0.000000
0.000000

Player 10: 
1.371007
1.210017
0.022429
1.136378

Player 11: 
1.311644
1.147001
0.024204
1.189021

Player 12: 
0.000000
0.000000
0.000000
0.000000

Player 13: 
0.608378
0.572509
0.011437
1.082799

Player 14: 
0.258503
0.373930
0.004532
1.149960

Player 15: 
0.485337
0.546140
0.009639
1.074338

Player 16: 
0.943302
0.871176
0.014569
1.107771

Player 17: 
0.000000
0.000000
0.000000
0.000000

Player 18: 
0.000000
0.000000
0.000000
0.000000

Player 19: 
0.000000
0.000000
0.000000
0.000000

Player 20: 
0.000000
0.000000
0.000000
0.000000

Player 21: 
0.000000
0.000000
0.000000
0.000000
Count:
9345.000000
9346.000000
9346.000000
9346.000000
9346.000000
0.000000
9346.000000
0.000000
0.000000
9346.000000
9346.000000
0.000000
9346.000000
9346.000000
9346.000000
9346.000000
0.000000
0.000000
0.000000
0.000000
0.000000
