

Game 16:


Player 1: 
0.815309
0.857031
0.012909
1.109295

Player 2: 
0.971055
0.849636
0.018680
1.104639

Player 3: 
1.451480
1.100306
0.017630
1.128970

Player 4: 
1.349467
1.130173
0.019371
1.152303

Player 5: 
0.314542
0.253673
0.005335
1.121472

Player 6: 
0.000000
0.000000
0.000000
0.000000

Player 7: 
0.000000
0.000000
0.000000
0.000000

Player 8: 
1.182467
0.997343
0.019914
1.124179

Player 9: 
0.000000
0.000000
0.000000
0.000000

Player 10: 
1.418302
1.087855
0.022254
1.138937

Player 11: 
1.135153
0.950815
0.018728
1.167814

Player 12: 
0.257190
0.347921
0.005004
1.086012

Player 13: 
0.388388
0.480566
0.007245
1.092278

Player 14: 
1.196863
1.026318
0.023446
1.178166

Player 15: 
0.000000
0.000000
0.000000
0.000000

Player 16: 
0.904397
0.778126
0.013373
1.082847

Player 17: 
0.000000
0.000000
0.000000
0.000000

Player 18: 
0.000000
0.000000
0.000000
0.000000

Player 19: 
0.000000
0.000000
0.000000
0.000000

Player 20: 
0.000000
0.000000
0.000000
0.000000

Player 21: 
0.000000
0.000000
0.000000
0.000000
Count:
10783.000000
10784.000000
10784.000000
10784.000000
10784.000000
0.000000
0.000000
10784.000000
0.000000
10784.000000
10784.000000
10784.000000
10784.000000
10784.000000
0.000000
10784.000000
0.000000
0.000000
0.000000
0.000000
0.000000
