

Game 12:


Player 1: 
1.334877
1.114364
0.021371
1.144086

Player 2: 
0.223657
0.356460
0.005422
1.067560

Player 3: 
1.408872
1.074436
0.017318
1.120806

Player 4: 
1.424738
1.283538
0.021246
1.156623

Player 5: 
0.525161
0.430034
0.007843
1.092448

Player 6: 
0.000000
0.000000
0.000000
0.000000

Player 7: 
1.371570
1.215237
0.021978
1.129252

Player 8: 
0.934325
0.825064
0.015589
1.104918

Player 9: 
0.000000
0.000000
0.000000
0.000000

Player 10: 
1.426170
1.151152
0.021387
1.128488

Player 11: 
1.118113
0.947119
0.017988
1.165429

Player 12: 
0.283942
0.317395
0.004702
1.082689

Player 13: 
0.486538
0.508229
0.009029
1.079258

Player 14: 
0.000000
0.000000
0.000000
0.000000

Player 15: 
0.000000
0.000000
0.000000
0.000000

Player 16: 
0.353831
0.300662
0.005419
1.088552

Player 17: 
0.000000
0.000000
0.000000
0.000000

Player 18: 
0.000000
0.000000
0.000000
0.000000

Player 19: 
0.000000
0.000000
0.000000
0.000000

Player 20: 
0.000000
0.000000
0.000000
0.000000

Player 21: 
0.000000
0.000000
0.000000
0.000000
Count:
10909.000000
10910.000000
10910.000000
10910.000000
10910.000000
0.000000
10910.000000
10910.000000
0.000000
10910.000000
10910.000000
10910.000000
10910.000000
0.000000
0.000000
10910.000000
0.000000
0.000000
0.000000
0.000000
0.000000
