

Game 20:


Player 1: 
1.353805
1.176430
0.021670
1.158273

Player 2: 
0.649062
0.700777
0.013053
1.084867

Player 3: 
0.000000
0.000000
0.000000
0.000000

Player 4: 
1.571172
1.407560
0.021945
1.173417

Player 5: 
0.786114
0.646422
0.012215
1.125828

Player 6: 
0.000000
0.000000
0.000000
0.000000

Player 7: 
1.703044
1.360826
0.028163
1.151763

Player 8: 
1.634225
1.365983
0.026039
1.155887

Player 9: 
0.000000
0.000000
0.000000
0.000000

Player 10: 
0.857275
0.761130
0.013319
1.116002

Player 11: 
1.210941
0.951005
0.019517
1.176887

Player 12: 
1.146201
0.943615
0.020183
1.142482

Player 13: 
0.939031
0.845609
0.015312
1.127119

Player 14: 
0.000000
0.000000
0.000000
0.000000

Player 15: 
0.619048
0.590659
0.011747
1.090446

Player 16: 
0.971736
0.858269
0.017074
1.147754

Player 17: 
0.000000
0.000000
0.000000
0.000000

Player 18: 
0.000000
0.000000
0.000000
0.000000

Player 19: 
0.000000
0.000000
0.000000
0.000000

Player 20: 
0.000000
0.000000
0.000000
0.000000

Player 21: 
0.000000
0.000000
0.000000
0.000000
Count:
9506.000000
9507.000000
0.000000
9507.000000
9507.000000
0.000000
9507.000000
9507.000000
0.000000
9507.000000
9507.000000
9507.000000
9507.000000
0.000000
9507.000000
9507.000000
0.000000
0.000000
0.000000
0.000000
0.000000
