

Game 37:


Player 1: 
1.707753
1.313283
0.024234
1.156804

Player 2: 
0.339206
0.448062
0.006081
1.071740

Player 3: 
1.518870
1.124852
0.019851
1.125523

Player 4: 
1.115231
1.022799
0.018505
1.154071

Player 5: 
0.555611
0.456207
0.009239
1.091446

Player 6: 
0.000000
0.000000
0.000000
0.000000

Player 7: 
1.603635
1.216459
0.023760
1.159780

Player 8: 
0.000000
0.000000
0.000000
0.000000

Player 9: 
0.000000
0.000000
0.000000
0.000000

Player 10: 
1.246833
0.908202
0.018351
1.117180

Player 11: 
1.511625
1.246392
0.027372
1.203175

Player 12: 
0.000000
0.000000
0.000000
0.000000

Player 13: 
1.048971
0.854816
0.016783
1.105597

Player 14: 
0.198765
0.289590
0.003633
1.135182

Player 15: 
0.798479
0.658117
0.011389
1.095285

Player 16: 
0.826342
0.673846
0.013175
1.089355

Player 17: 
0.000000
0.000000
0.000000
0.000000

Player 18: 
0.000000
0.000000
0.000000
0.000000

Player 19: 
0.000000
0.000000
0.000000
0.000000

Player 20: 
0.000000
0.000000
0.000000
0.000000

Player 21: 
0.000000
0.000000
0.000000
0.000000
Count:
9520.000000
9522.000000
9522.000000
9522.000000
9522.000000
0.000000
9522.000000
0.000000
0.000000
9522.000000
9522.000000
0.000000
9522.000000
9522.000000
9522.000000
9522.000000
0.000000
0.000000
0.000000
0.000000
0.000000
