

Game 27:


Player 1: 
1.672152
1.264167
0.026094
1.127160

Player 2: 
1.070411
0.857790
0.021895
1.125270

Player 3: 
0.000000
0.000000
0.000000
0.000000

Player 4: 
1.230655
1.085835
0.017918
1.156180

Player 5: 
0.636474
0.685796
0.009582
1.119123

Player 6: 
0.000000
0.000000
0.000000
0.000000

Player 7: 
1.442748
1.144361
0.024850
1.149128

Player 8: 
1.508905
1.195078
0.025997
1.156908

Player 9: 
0.000000
0.000000
0.000000
0.000000

Player 10: 
0.000000
0.000000
0.000000
0.000000

Player 11: 
1.180003
0.982621
0.020611
1.184430

Player 12: 
0.690870
0.546945
0.011905
1.126662

Player 13: 
1.044621
0.877720
0.017110
1.132530

Player 14: 
0.000000
0.000000
0.000000
0.000000

Player 15: 
1.114843
0.970551
0.018610
1.120784

Player 16: 
1.942892
1.317544
0.027860
1.142934

Player 17: 
0.000000
0.000000
0.000000
0.000000

Player 18: 
0.000000
0.000000
0.000000
0.000000

Player 19: 
0.000000
0.000000
0.000000
0.000000

Player 20: 
0.000000
0.000000
0.000000
0.000000

Player 21: 
0.000000
0.000000
0.000000
0.000000
Count:
10183.000000
10184.000000
0.000000
10184.000000
10184.000000
0.000000
10184.000000
10184.000000
0.000000
0.000000
10184.000000
10184.000000
10184.000000
0.000000
10184.000000
10184.000000
0.000000
0.000000
0.000000
0.000000
0.000000
