

Game 31:


Player 1: 
1.473768
1.254415
0.023417
1.148059

Player 2: 
1.142132
1.006544
0.022591
1.122471

Player 3: 
0.899724
0.780237
0.012413
1.110861

Player 4: 
0.975570
0.943329
0.016105
1.142894

Player 5: 
1.184743
1.067626
0.015863
1.132485

Player 6: 
0.000000
0.000000
0.000000
0.000000

Player 7: 
0.724800
0.673947
0.013307
1.100392

Player 8: 
1.100802
0.927389
0.016895
1.106419

Player 9: 
0.000000
0.000000
0.000000
0.000000

Player 10: 
0.000000
0.000000
0.000000
0.000000

Player 11: 
1.583573
1.244233
0.027189
1.204771

Player 12: 
0.000000
0.000000
0.000000
0.000000

Player 13: 
0.823727
0.766481
0.013096
1.108682

Player 14: 
0.433063
0.452492
0.007266
1.128422

Player 15: 
0.601297
0.596863
0.011623
1.135702

Player 16: 
0.840285
0.719095
0.014198
1.087599

Player 17: 
0.000000
0.000000
0.000000
0.000000

Player 18: 
0.000000
0.000000
0.000000
0.000000

Player 19: 
0.000000
0.000000
0.000000
0.000000

Player 20: 
0.000000
0.000000
0.000000
0.000000

Player 21: 
0.000000
0.000000
0.000000
0.000000
Count:
11152.000000
11153.000000
11153.000000
11153.000000
11153.000000
0.000000
11153.000000
11153.000000
0.000000
0.000000
11153.000000
0.000000
11153.000000
11153.000000
11153.000000
11153.000000
0.000000
0.000000
0.000000
0.000000
0.000000
