

Game 4:


Player 1: 
0.000000
0.000000
0.000000
0.000000

Player 2: 
1.211145
0.927073
0.024068
1.132481

Player 3: 
1.418431
1.085179
0.019215
1.127696

Player 4: 
0.256418
0.280686
0.004762
1.094479

Player 5: 
0.000000
0.000000
0.000000
0.000000

Player 6: 
0.401742
0.346102
0.006218
1.098044

Player 7: 
1.520818
1.176821
0.025797
1.145144

Player 8: 
1.404009
1.160857
0.023518
1.155655

Player 9: 
1.123749
0.947959
0.017942
1.164101

Player 10: 
1.669246
1.180968
0.023729
1.155493

Player 11: 
0.673934
0.622713
0.013271
1.141520

Player 12: 
1.449142
1.149406
0.024295
1.149115

Player 13: 
0.568372
0.486018
0.009719
1.098040

Player 14: 
0.637725
0.746431
0.009599
1.160020

Player 15: 
0.450855
0.731137
0.006922
1.085301

Player 16: 
0.778471
0.851617
0.010534
1.115103

Player 17: 
0.182575
0.266840
0.003319
1.099092

Player 18: 
0.783540
0.853183
0.011226
1.118136

Player 19: 
0.358161
0.573270
0.005387
1.121413

Player 20: 
0.662586
0.803896
0.009055
1.136880

Player 21: 
0.695360
0.929547
0.011495
1.129937
Count:
0.000000
9952.000000
9953.000000
9953.000000
0.000000
9953.000000
9953.000000
9953.000000
9953.000000
9953.000000
9953.000000
9953.000000
9953.000000
9953.000000
9953.000000
9953.000000
9953.000000
9953.000000
9953.000000
9953.000000
9953.000000
