

Game 8:


Player 1: 
0.000000
0.000000
0.000000
0.000000

Player 2: 
1.344094
0.961922
0.027478
1.135636

Player 3: 
1.572146
1.186753
0.020783
1.140714

Player 4: 
0.893276
0.787239
0.013650
1.128318

Player 5: 
0.000000
0.000000
0.000000
0.000000

Player 6: 
0.000000
0.000000
0.000000
0.000000

Player 7: 
1.565244
1.290069
0.026503
1.136110

Player 8: 
1.498610
1.158543
0.023856
1.139345

Player 9: 
0.837898
0.625317
0.018182
1.083757

Player 10: 
1.428178
1.102650
0.022992
1.143881

Player 11: 
0.706960
0.567993
0.013528
1.149841

Player 12: 
1.288172
0.950917
0.021615
1.139852

Player 13: 
0.976036
0.776211
0.017080
1.120468

Player 14: 
0.481942
0.444715
0.007879
1.068184

Player 15: 
0.000000
0.000000
0.000000
0.000000

Player 16: 
0.000000
0.000000
0.000000
0.000000

Player 17: 
0.000000
0.000000
0.000000
0.000000

Player 18: 
0.000000
0.000000
0.000000
0.000000

Player 19: 
0.000000
0.000000
0.000000
0.000000

Player 20: 
0.000000
0.000000
0.000000
0.000000

Player 21: 
0.000000
0.000000
0.000000
0.000000
Count:
0.000000
9271.000000
9634.000000
9569.000000
0.000000
0.000000
9400.000000
9300.000000
10080.000000
9484.000000
9508.000000
9482.000000
9289.000000
9236.000000
0.000000
0.000000
0.000000
0.000000
0.000000
0.000000
0.000000
