

Game 26:


Player 1: 
1.869521
1.349408
0.029724
1.143401

Player 2: 
0.670886
0.660873
0.013385
1.087727

Player 3: 
0.000000
0.000000
0.000000
0.000000

Player 4: 
0.814124
0.924425
0.013129
1.139631

Player 5: 
1.501388
1.194978
0.022947
1.162538

Player 6: 
0.000000
0.000000
0.000000
0.000000

Player 7: 
1.648429
1.278239
0.026629
1.141251

Player 8: 
1.608630
1.181248
0.024888
1.147220

Player 9: 
0.000000
0.000000
0.000000
0.000000

Player 10: 
1.131816
0.999877
0.018292
1.129362

Player 11: 
1.547365
1.115154
0.027590
1.196593

Player 12: 
0.532528
0.433038
0.007613
1.115208

Player 13: 
1.611551
1.232562
0.025840
1.165548

Player 14: 
0.000000
0.000000
0.000000
0.000000

Player 15: 
0.099350
0.221841
0.002948
1.056567

Player 16: 
0.137209
0.285787
0.004207
1.059126

Player 17: 
0.000000
0.000000
0.000000
0.000000

Player 18: 
0.000000
0.000000
0.000000
0.000000

Player 19: 
0.000000
0.000000
0.000000
0.000000

Player 20: 
0.000000
0.000000
0.000000
0.000000

Player 21: 
0.000000
0.000000
0.000000
0.000000
Count:
9180.000000
9181.000000
0.000000
9181.000000
9181.000000
0.000000
9181.000000
9181.000000
0.000000
9181.000000
9181.000000
9181.000000
9181.000000
0.000000
9181.000000
9181.000000
0.000000
0.000000
0.000000
0.000000
0.000000
