

Game 29:


Player 1: 
1.607202
1.288756
0.024710
1.155291

Player 2: 
0.854016
0.813352
0.017531
1.103231

Player 3: 
1.608594
1.243286
0.020293
1.130843

Player 4: 
0.915658
0.973343
0.016450
1.141684

Player 5: 
0.724842
0.723019
0.010688
1.112470

Player 6: 
0.000000
0.000000
0.000000
0.000000

Player 7: 
1.635439
1.466168
0.028561
1.141281

Player 8: 
1.406295
1.149770
0.022618
1.131717

Player 9: 
0.000000
0.000000
0.000000
0.000000

Player 10: 
0.000000
0.000000
0.000000
0.000000

Player 11: 
1.084747
0.955631
0.019739
1.175331

Player 12: 
0.000000
0.000000
0.000000
0.000000

Player 13: 
0.921784
0.783008
0.015293
1.119463

Player 14: 
0.535356
0.562432
0.010075
1.139800

Player 15: 
0.070144
0.172510
0.003132
1.060911

Player 16: 
1.005246
0.835493
0.015899
1.107711

Player 17: 
0.000000
0.000000
0.000000
0.000000

Player 18: 
0.000000
0.000000
0.000000
0.000000

Player 19: 
0.000000
0.000000
0.000000
0.000000

Player 20: 
0.000000
0.000000
0.000000
0.000000

Player 21: 
0.000000
0.000000
0.000000
0.000000
Count:
9274.000000
9275.000000
9275.000000
9275.000000
9276.000000
0.000000
9275.000000
9275.000000
0.000000
0.000000
9275.000000
0.000000
9275.000000
9275.000000
9275.000000
9275.000000
0.000000
0.000000
0.000000
0.000000
0.000000
