

Game 10:


Player 1: 
0.000000
0.000000
0.000000
0.000000

Player 2: 
1.037984
0.870594
0.020102
1.122609

Player 3: 
1.358110
1.103193
0.018682
1.162206

Player 4: 
1.441351
1.285881
0.020930
1.161865

Player 5: 
0.000000
0.000000
0.000000
0.000000

Player 6: 
0.000000
0.000000
0.000000
0.000000

Player 7: 
1.602789
1.310110
0.026124
1.134580

Player 8: 
1.013357
0.843017
0.016739
1.123899

Player 9: 
1.097552
0.899568
0.017222
1.104206

Player 10: 
1.586946
1.321177
0.024047
1.152219

Player 11: 
0.987195
0.738993
0.017684
1.160229

Player 12: 
0.590685
0.507526
0.011185
1.113626

Player 13: 
0.606685
0.616945
0.011063
1.107324

Player 14: 
0.513448
0.528629
0.009364
1.142787

Player 15: 
0.000000
0.000000
0.000000
0.000000

Player 16: 
0.000000
0.000000
0.000000
0.000000

Player 17: 
0.000000
0.000000
0.000000
0.000000

Player 18: 
0.000000
0.000000
0.000000
0.000000

Player 19: 
0.000000
0.000000
0.000000
0.000000

Player 20: 
0.000000
0.000000
0.000000
0.000000

Player 21: 
0.000000
0.000000
0.000000
0.000000
Count:
0.000000
11718.000000
11719.000000
11719.000000
0.000000
0.000000
11719.000000
11719.000000
11719.000000
11719.000000
11719.000000
11719.000000
11719.000000
11719.000000
0.000000
0.000000
0.000000
0.000000
0.000000
0.000000
0.000000
