

Game 17:


Player 1: 
1.701417
1.323842
0.028355
1.155513

Player 2: 
0.869261
0.767031
0.017693
1.100300

Player 3: 
0.000000
0.000000
0.000000
0.000000

Player 4: 
1.211353
1.268740
0.019980
1.155642

Player 5: 
0.933846
0.737600
0.013428
1.116736

Player 6: 
0.000000
0.000000
0.000000
0.000000

Player 7: 
0.000000
0.000000
0.000000
0.000000

Player 8: 
1.245089
0.907288
0.020241
1.130760

Player 9: 
0.000000
0.000000
0.000000
0.000000

Player 10: 
1.691055
1.302781
0.026932
1.147311

Player 11: 
1.156738
0.942621
0.018755
1.174980

Player 12: 
1.028516
0.808372
0.017587
1.126134

Player 13: 
0.854348
0.732424
0.014035
1.129478

Player 14: 
1.009060
0.803041
0.017635
1.173466

Player 15: 
0.000000
0.000000
0.000000
0.000000

Player 16: 
1.071021
0.867303
0.016211
1.101865

Player 17: 
0.000000
0.000000
0.000000
0.000000

Player 18: 
0.000000
0.000000
0.000000
0.000000

Player 19: 
0.000000
0.000000
0.000000
0.000000

Player 20: 
0.000000
0.000000
0.000000
0.000000

Player 21: 
0.000000
0.000000
0.000000
0.000000
Count:
10368.000000
10369.000000
0.000000
10369.000000
10369.000000
0.000000
0.000000
10369.000000
0.000000
10369.000000
10369.000000
10369.000000
10369.000000
10369.000000
0.000000
10369.000000
0.000000
0.000000
0.000000
0.000000
0.000000
