

Game 32:


Player 1: 
1.493335
1.253667
0.024754
1.166207

Player 2: 
0.747149
0.731608
0.015632
1.153025

Player 3: 
1.571370
1.169602
0.019035
1.135810

Player 4: 
1.244034
1.262416
0.018533
1.160579

Player 5: 
1.246690
1.132801
0.017747
1.141087

Player 6: 
0.000000
0.000000
0.000000
0.000000

Player 7: 
1.548738
1.345737
0.025797
1.154864

Player 8: 
0.876149
0.716308
0.014262
1.106412

Player 9: 
0.000000
0.000000
0.000000
0.000000

Player 10: 
0.000000
0.000000
0.000000
0.000000

Player 11: 
1.346571
1.114733
0.022478
1.192535

Player 12: 
0.000000
0.000000
0.000000
0.000000

Player 13: 
1.029846
0.930078
0.024816
1.127833

Player 14: 
0.448055
0.470538
0.008604
1.141550

Player 15: 
0.176805
0.272301
0.003721
1.060263

Player 16: 
1.072699
0.913291
0.017203
1.127029

Player 17: 
0.000000
0.000000
0.000000
0.000000

Player 18: 
0.000000
0.000000
0.000000
0.000000

Player 19: 
0.000000
0.000000
0.000000
0.000000

Player 20: 
0.000000
0.000000
0.000000
0.000000

Player 21: 
0.000000
0.000000
0.000000
0.000000
Count:
10669.000000
10670.000000
10670.000000
10670.000000
10670.000000
0.000000
10670.000000
10670.000000
0.000000
0.000000
10670.000000
0.000000
11057.000000
10670.000000
10670.000000
10670.000000
0.000000
0.000000
0.000000
0.000000
0.000000
