

Game 14:


Player 1: 
0.894402
0.784239
0.014803
1.087451

Player 2: 
0.158528
0.416476
0.005418
1.067594

Player 3: 
1.462287
1.146505
0.018020
1.127080

Player 4: 
1.388867
1.289241
0.019829
1.167489

Player 5: 
0.646568
0.579181
0.009809
1.085485

Player 6: 
0.000000
0.000000
0.000000
0.000000

Player 7: 
0.642514
0.623281
0.011248
1.103882

Player 8: 
1.041092
0.930618
0.016773
1.141544

Player 9: 
0.000000
0.000000
0.000000
0.000000

Player 10: 
1.514633
1.204533
0.023400
1.150290

Player 11: 
0.696021
0.702138
0.012297
1.149261

Player 12: 
1.197127
0.955451
0.019841
1.144142

Player 13: 
0.913915
0.798391
0.015493
1.115076

Player 14: 
0.000000
0.000000
0.000000
0.000000

Player 15: 
0.000000
0.000000
0.000000
0.000000

Player 16: 
0.840980
0.707595
0.012959
1.116816

Player 17: 
0.000000
0.000000
0.000000
0.000000

Player 18: 
0.000000
0.000000
0.000000
0.000000

Player 19: 
0.000000
0.000000
0.000000
0.000000

Player 20: 
0.000000
0.000000
0.000000
0.000000

Player 21: 
0.000000
0.000000
0.000000
0.000000
Count:
12099.000000
12100.000000
12100.000000
12100.000000
12100.000000
0.000000
12100.000000
12100.000000
0.000000
12100.000000
12100.000000
12100.000000
12099.000000
0.000000
0.000000
12100.000000
0.000000
0.000000
0.000000
0.000000
0.000000
