

Game 30:


Player 1: 
1.204845
1.031859
0.020310
1.184786

Player 2: 
1.841250
1.389470
0.035160
1.149367

Player 3: 
1.505878
1.094818
0.017667
1.125114

Player 4: 
1.713098
1.384091
0.025946
1.168934

Player 5: 
0.787385
0.697738
0.011665
1.114330

Player 6: 
0.000000
0.000000
0.000000
0.000000

Player 7: 
1.211327
1.008066
0.019502
1.123776

Player 8: 
1.124831
0.986136
0.016789
1.110835

Player 9: 
0.000000
0.000000
0.000000
0.000000

Player 10: 
0.000000
0.000000
0.000000
0.000000

Player 11: 
0.635378
0.629480
0.011275
1.146101

Player 12: 
0.000000
0.000000
0.000000
0.000000

Player 13: 
1.094328
0.966952
0.017153
1.126795

Player 14: 
0.673322
0.735882
0.013294
1.158124

Player 15: 
0.744816
0.627063
0.011450
1.121871

Player 16: 
0.436411
0.487329
0.008263
1.069912

Player 17: 
0.000000
0.000000
0.000000
0.000000

Player 18: 
0.000000
0.000000
0.000000
0.000000

Player 19: 
0.000000
0.000000
0.000000
0.000000

Player 20: 
0.000000
0.000000
0.000000
0.000000

Player 21: 
0.000000
0.000000
0.000000
0.000000
Count:
9960.000000
9961.000000
9961.000000
9961.000000
9962.000000
0.000000
9961.000000
9961.000000
0.000000
0.000000
9961.000000
0.000000
9961.000000
9961.000000
9961.000000
9961.000000
0.000000
0.000000
0.000000
0.000000
0.000000
