

Game 6:


Player 1: 
0.000000
0.000000
0.000000
0.000000

Player 2: 
1.941659
1.301293
0.036631
1.146884

Player 3: 
0.021156
0.088972
0.001705
1.060105

Player 4: 
1.621368
1.398626
0.023986
1.171490

Player 5: 
0.000000
0.000000
0.000000
0.000000

Player 6: 
0.000000
0.000000
0.000000
0.000000

Player 7: 
0.665048
0.513893
0.009951
1.087850

Player 8: 
0.006851
0.043503
0.001474
1.039215

Player 9: 
1.658723
1.273262
0.025809
1.133429

Player 10: 
1.837304
1.292812
0.026851
1.154888

Player 11: 
0.959157
0.706372
0.016928
1.157204

Player 12: 
1.553456
1.219132
0.027032
1.161919

Player 13: 
1.762557
1.260227
0.028493
1.162117

Player 14: 
0.041668
0.132917
0.002229
1.123432

Player 15: 
0.000000
0.000000
0.000000
0.000000

Player 16: 
0.000000
0.000000
0.000000
0.000000

Player 17: 
1.726543
1.387527
0.029827
1.190859

Player 18: 
0.000000
0.000000
0.000000
0.000000

Player 19: 
0.000000
0.000000
0.000000
0.000000

Player 20: 
0.000000
0.000000
0.000000
0.000000

Player 21: 
0.000000
0.000000
0.000000
0.000000
Count:
0.000000
4280.000000
4281.000000
3923.000000
0.000000
0.000000
4003.000000
3902.000000
8469.000000
4043.000000
8603.000000
8572.000000
4281.000000
4042.000000
0.000000
0.000000
3955.000000
0.000000
0.000000
0.000000
0.000000
