

Game 34:


Player 1: 
1.572084
1.273659
0.025340
1.161508

Player 2: 
0.571048
0.702730
0.011658
1.089078

Player 3: 
1.363907
1.174143
0.018781
1.134099

Player 4: 
1.274937
1.319456
0.019709
1.155657

Player 5: 
1.044454
0.983110
0.016243
1.123245

Player 6: 
0.000000
0.000000
0.000000
0.000000

Player 7: 
1.447573
1.369082
0.024986
1.157833

Player 8: 
0.784201
0.795187
0.014440
1.118952

Player 9: 
0.000000
0.000000
0.000000
0.000000

Player 10: 
0.000000
0.000000
0.000000
0.000000

Player 11: 
1.260580
1.152532
0.021583
1.190116

Player 12: 
0.000000
0.000000
0.000000
0.000000

Player 13: 
0.917006
0.868819
0.017688
1.138196

Player 14: 
0.000000
0.000000
0.000000
0.000000

Player 15: 
0.843824
0.843871
0.013897
1.085703

Player 16: 
0.000000
0.000000
0.000000
0.000000

Player 17: 
0.000000
0.000000
0.000000
0.000000

Player 18: 
0.000000
0.000000
0.000000
0.000000

Player 19: 
0.000000
0.000000
0.000000
0.000000

Player 20: 
0.000000
0.000000
0.000000
0.000000

Player 21: 
0.000000
0.000000
0.000000
0.000000
Count:
9608.000000
9609.000000
9609.000000
9609.000000
9609.000000
0.000000
9609.000000
9609.000000
0.000000
0.000000
9609.000000
0.000000
9609.000000
0.000000
9609.000000
0.000000
0.000000
0.000000
0.000000
0.000000
0.000000
