

Game 1:


Player 1: 
0.000000
0.000000
0.000000
0.000000

Player 2: 
0.790156
0.699628
0.016668
1.098489

Player 3: 
1.285899
1.022958
0.017073
1.123197

Player 4: 
0.752166
0.840513
0.013389
1.133028

Player 5: 
0.000000
0.000000
0.000000
0.000000

Player 6: 
0.644979
0.551119
0.011152
1.122722

Player 7: 
1.378731
1.177056
0.022448
1.127052

Player 8: 
1.030879
0.977781
0.018051
1.125477

Player 9: 
0.865407
0.670641
0.013179
1.087257

Player 10: 
1.511969
1.121793
0.023538
1.143966

Player 11: 
1.132949
0.976761
0.021136
1.171299

Player 12: 
1.531712
1.201047
0.027176
1.160113

Player 13: 
0.708648
0.656812
0.012493
1.104314

Player 14: 
0.000000
0.000000
0.000000
0.000000

Player 15: 
0.000000
0.000000
0.000000
0.000000

Player 16: 
0.000000
0.000000
0.000000
0.000000

Player 17: 
0.397372
0.433650
0.006598
1.123402

Player 18: 
0.000000
0.000000
0.000000
0.000000

Player 19: 
0.000000
0.000000
0.000000
0.000000

Player 20: 
0.000000
0.000000
0.000000
0.000000

Player 21: 
0.000000
0.000000
0.000000
0.000000
Count:
0.000000
10730.000000
10730.000000
10730.000000
0.000000
10730.000000
10730.000000
10730.000000
10730.000000
10730.000000
10730.000000
10730.000000
10730.000000
0.000000
0.000000
0.000000
10730.000000
0.000000
0.000000
0.000000
0.000000
