

Game 11:


Player 1: 
1.826746
1.467134
0.029526
1.189111

Player 2: 
1.952498
1.448883
0.035972
1.160186

Player 3: 
0.040607
0.091345
0.001499
1.056162

Player 4: 
0.048522
0.144321
0.002412
1.087027

Player 5: 
0.731798
0.736118
0.013393
1.130563

Player 6: 
0.000000
0.000000
0.000000
0.000000

Player 7: 
0.539932
0.534687
0.006894
1.089357

Player 8: 
0.920537
0.718713
0.015475
1.119053

Player 9: 
0.000000
0.000000
0.000000
0.000000

Player 10: 
0.807738
0.785395
0.014640
1.111461

Player 11: 
1.818520
1.313927
0.028206
1.195892

Player 12: 
1.757487
1.359722
0.028630
1.167526

Player 13: 
1.646032
1.333662
0.025999
1.160705

Player 14: 
0.000000
0.000000
0.000000
0.000000

Player 15: 
0.000000
0.000000
0.000000
0.000000

Player 16: 
0.899411
0.711489
0.013723
1.112627

Player 17: 
0.000000
0.000000
0.000000
0.000000

Player 18: 
0.000000
0.000000
0.000000
0.000000

Player 19: 
0.000000
0.000000
0.000000
0.000000

Player 20: 
0.000000
0.000000
0.000000
0.000000

Player 21: 
0.000000
0.000000
0.000000
0.000000
Count:
8989.000000
8989.000000
8990.000000
8990.000000
8990.000000
0.000000
8990.000000
8990.000000
0.000000
8990.000000
8990.000000
8990.000000
8990.000000
0.000000
0.000000
8990.000000
0.000000
0.000000
0.000000
0.000000
0.000000
