

Game 7:


Player 1: 
0.000000
0.000000
0.000000
0.000000

Player 2: 
1.220311
0.908826
0.023313
1.128489

Player 3: 
1.402696
1.057042
0.018593
1.134711

Player 4: 
0.888946
0.826501
0.013875
1.133972

Player 5: 
0.000000
0.000000
0.000000
0.000000

Player 6: 
0.000000
0.000000
0.000000
0.000000

Player 7: 
1.290016
1.092554
0.020789
1.122079

Player 8: 
1.347516
1.100447
0.021433
1.129352

Player 9: 
0.638437
0.546166
0.009922
1.078545

Player 10: 
1.494933
1.150141
0.022383
1.131594

Player 11: 
0.876974
0.740990
0.015033
1.150155

Player 12: 
1.161282
0.903333
0.018803
1.125504

Player 13: 
0.757986
0.660051
0.011983
1.103074

Player 14: 
0.323015
0.351865
0.005689
1.119085

Player 15: 
0.000000
0.000000
0.000000
0.000000

Player 16: 
0.000000
0.000000
0.000000
0.000000

Player 17: 
0.000000
0.000000
0.000000
0.000000

Player 18: 
0.000000
0.000000
0.000000
0.000000

Player 19: 
0.000000
0.000000
0.000000
0.000000

Player 20: 
0.000000
0.000000
0.000000
0.000000

Player 21: 
0.107346
0.179658
0.001666
1.059707
Count:
0.000000
11800.000000
11801.000000
11801.000000
0.000000
0.000000
11801.000000
11801.000000
11801.000000
11801.000000
11801.000000
11801.000000
11801.000000
11801.000000
0.000000
0.000000
0.000000
0.000000
0.000000
0.000000
11801.000000
