

Game 3:


Player 1: 
0.000000
0.000000
0.000000
0.000000

Player 2: 
1.077977
0.895211
0.020411
1.103523

Player 3: 
1.265266
0.891875
0.016801
1.124759

Player 4: 
1.084848
0.869198
0.016201
1.138546

Player 5: 
0.000000
0.000000
0.000000
0.000000

Player 6: 
0.737037
0.660162
0.011692
1.111893

Player 7: 
1.069597
0.872723
0.017158
1.109863

Player 8: 
1.431256
1.133239
0.023287
1.151803

Player 9: 
1.015230
0.737115
0.016705
1.093114

Player 10: 
1.872554
1.370407
0.027552
1.141401

Player 11: 
1.095492
0.835969
0.019060
1.166272

Player 12: 
1.828958
1.291621
0.028922
1.163474

Player 13: 
1.026807
0.853407
0.017002
1.120343

Player 14: 
0.000000
0.000000
0.000000
0.000000

Player 15: 
0.000000
0.000000
0.000000
0.000000

Player 16: 
0.000000
0.000000
0.000000
0.000000

Player 17: 
0.741845
0.679998
0.011313
1.121486

Player 18: 
0.000000
0.000000
0.000000
0.000000

Player 19: 
0.000000
0.000000
0.000000
0.000000

Player 20: 
0.000000
0.000000
0.000000
0.000000

Player 21: 
0.000000
0.000000
0.000000
0.000000
Count:
0.000000
10793.000000
10794.000000
10794.000000
0.000000
10794.000000
10794.000000
10794.000000
10794.000000
10794.000000
10794.000000
10794.000000
10794.000000
0.000000
0.000000
0.000000
10794.000000
0.000000
0.000000
0.000000
0.000000
