

Game 18:


Player 1: 
1.228261
1.070000
0.019310
1.149725

Player 2: 
1.251569
1.003060
0.025712
1.126469

Player 3: 
0.000000
0.000000
0.000000
0.000000

Player 4: 
0.000000
0.000000
0.000000
0.000000

Player 5: 
1.171832
0.921008
0.015718
1.126717

Player 6: 
0.000000
0.000000
0.000000
0.000000

Player 7: 
0.000000
0.000000
0.000000
0.000000

Player 8: 
1.249586
0.939383
0.019424
1.129271

Player 9: 
0.000000
0.000000
0.000000
0.000000

Player 10: 
1.320207
0.998737
0.022315
1.130949

Player 11: 
1.363359
1.036582
0.022261
1.172141

Player 12: 
1.670301
1.261055
0.029389
1.159712

Player 13: 
0.883431
0.745839
0.015039
1.126729

Player 14: 
1.162919
0.943285
0.021315
1.186918

Player 15: 
0.000000
0.000000
0.000000
0.000000

Player 16: 
1.154207
0.891792
0.016540
1.114025

Player 17: 
0.000000
0.000000
0.000000
0.000000

Player 18: 
0.000000
0.000000
0.000000
0.000000

Player 19: 
0.000000
0.000000
0.000000
0.000000

Player 20: 
0.000000
0.000000
0.000000
0.000000

Player 21: 
0.000000
0.000000
0.000000
0.000000
Count:
11033.000000
11034.000000
0.000000
0.000000
11034.000000
0.000000
0.000000
11034.000000
0.000000
11034.000000
11034.000000
11034.000000
11034.000000
11034.000000
0.000000
11034.000000
0.000000
0.000000
0.000000
0.000000
0.000000
