

Game 2:


Player 1: 
0.000000
0.000000
0.000000
0.000000

Player 2: 
1.744144
1.312840
0.032917
1.161346

Player 3: 
1.119193
0.789381
0.015179
1.124003

Player 4: 
1.579849
1.416382
0.024159
1.174376

Player 5: 
0.000000
0.000000
0.000000
0.000000

Player 6: 
0.968399
0.830895
0.014913
1.126819

Player 7: 
0.898688
0.738984
0.015416
1.108829

Player 8: 
0.867117
0.736259
0.013899
1.116943

Player 9: 
0.716410
0.592351
0.011728
1.084124

Player 10: 
0.543575
0.453212
0.008513
1.088668

Player 11: 
0.944408
0.768473
0.016618
1.153315

Player 12: 
0.949414
0.790799
0.016265
1.124900

Player 13: 
1.434024
1.126331
0.022782
1.155395

Player 14: 
0.000000
0.000000
0.000000
0.000000

Player 15: 
0.000000
0.000000
0.000000
0.000000

Player 16: 
0.000000
0.000000
0.000000
0.000000

Player 17: 
0.637043
0.603686
0.010655
1.120882

Player 18: 
0.000000
0.000000
0.000000
0.000000

Player 19: 
0.000000
0.000000
0.000000
0.000000

Player 20: 
0.000000
0.000000
0.000000
0.000000

Player 21: 
0.000000
0.000000
0.000000
0.000000
Count:
0.000000
11151.000000
11185.000000
11185.000000
0.000000
11185.000000
11185.000000
11185.000000
11185.000000
11185.000000
11185.000000
11185.000000
11141.000000
0.000000
0.000000
0.000000
11185.000000
0.000000
0.000000
0.000000
0.000000
