

Game 24:


Player 1: 
1.624327
1.345489
0.027656
1.153327

Player 2: 
1.922339
1.609799
0.038860
1.168184

Player 3: 
0.000000
0.000000
0.000000
0.000000

Player 4: 
1.348779
1.244028
0.020379
1.165284

Player 5: 
1.589799
1.325939
0.022882
1.165712

Player 6: 
0.000000
0.000000
0.000000
0.000000

Player 7: 
0.976605
0.864555
0.017210
1.122421

Player 8: 
0.710936
0.654401
0.010790
1.109956

Player 9: 
0.000000
0.000000
0.000000
0.000000

Player 10: 
0.000000
0.000000
0.000000
0.000000

Player 11: 
0.961162
0.808829
0.017877
1.166265

Player 12: 
1.389313
1.174269
0.023237
1.157302

Player 13: 
0.549217
0.554309
0.009986
1.101520

Player 14: 
0.000000
0.000000
0.000000
0.000000

Player 15: 
0.993990
0.824215
0.016993
1.111095

Player 16: 
1.314597
1.088265
0.020075
1.121438

Player 17: 
0.000000
0.000000
0.000000
0.000000

Player 18: 
0.000000
0.000000
0.000000
0.000000

Player 19: 
0.000000
0.000000
0.000000
0.000000

Player 20: 
0.000000
0.000000
0.000000
0.000000

Player 21: 
0.000000
0.000000
0.000000
0.000000
Count:
10133.000000
10134.000000
0.000000
10134.000000
10134.000000
0.000000
10134.000000
10134.000000
0.000000
0.000000
10134.000000
10134.000000
10134.000000
0.000000
10134.000000
10134.000000
0.000000
0.000000
0.000000
0.000000
0.000000
