

Game 35:


Player 1: 
1.698446
1.234305
0.022918
1.145091

Player 2: 
0.669726
0.674022
0.012924
1.093136

Player 3: 
0.978174
0.774683
0.013520
1.105405

Player 4: 
1.040196
1.060056
0.016561
1.154001

Player 5: 
0.680632
0.625827
0.008486
1.103902

Player 6: 
0.000000
0.000000
0.000000
0.000000

Player 7: 
1.406805
1.219687
0.022258
1.152135

Player 8: 
0.000000
0.000000
0.000000
0.000000

Player 9: 
0.000000
0.000000
0.000000
0.000000

Player 10: 
1.372447
1.025142
0.021218
1.136789

Player 11: 
1.835742
1.351961
0.029579
1.213292

Player 12: 
0.000000
0.000000
0.000000
0.000000

Player 13: 
0.884317
0.764713
0.014020
1.099459

Player 14: 
0.537644
0.539451
0.008288
1.162912

Player 15: 
0.819545
0.759097
0.012504
1.084966

Player 16: 
1.555995
1.138731
0.022926
1.126021

Player 17: 
0.000000
0.000000
0.000000
0.000000

Player 18: 
0.000000
0.000000
0.000000
0.000000

Player 19: 
0.000000
0.000000
0.000000
0.000000

Player 20: 
0.000000
0.000000
0.000000
0.000000

Player 21: 
0.000000
0.000000
0.000000
0.000000
Count:
11567.000000
11568.000000
11568.000000
11568.000000
11568.000000
0.000000
11568.000000
0.000000
0.000000
11568.000000
11568.000000
0.000000
11568.000000
11568.000000
11568.000000
11568.000000
0.000000
0.000000
0.000000
0.000000
0.000000
