

Game 23:


Player 1: 
1.444212
1.252850
0.025216
1.139350

Player 2: 
1.347337
1.025542
0.026584
1.131253

Player 3: 
0.000000
0.000000
0.000000
0.000000

Player 4: 
1.300910
1.240386
0.018612
1.157601

Player 5: 
1.153771
1.040024
0.017068
1.146662

Player 6: 
0.000000
0.000000
0.000000
0.000000

Player 7: 
1.078454
0.972712
0.019050
1.137404

Player 8: 
1.573460
1.203001
0.026241
1.157192

Player 9: 
0.000000
0.000000
0.000000
0.000000

Player 10: 
0.000000
0.000000
0.000000
0.000000

Player 11: 
1.869589
1.363191
0.028825
1.212654

Player 12: 
0.511483
0.513736
0.008237
1.112744

Player 13: 
1.185272
1.042444
0.020047
1.142833

Player 14: 
0.000000
0.000000
0.000000
0.000000

Player 15: 
0.538506
0.630602
0.009853
1.085606

Player 16: 
1.067613
0.903594
0.016399
1.121355

Player 17: 
0.000000
0.000000
0.000000
0.000000

Player 18: 
0.000000
0.000000
0.000000
0.000000

Player 19: 
0.000000
0.000000
0.000000
0.000000

Player 20: 
0.000000
0.000000
0.000000
0.000000

Player 21: 
0.000000
0.000000
0.000000
0.000000
Count:
10570.000000
10571.000000
0.000000
10571.000000
10571.000000
0.000000
10571.000000
10571.000000
0.000000
0.000000
10571.000000
10571.000000
10571.000000
0.000000
10571.000000
10571.000000
0.000000
0.000000
0.000000
0.000000
0.000000
