

Game 5:


Player 1: 
0.000000
0.000000
0.000000
0.000000

Player 2: 
0.013778
0.056254
0.001246
1.064742

Player 3: 
1.395262
1.111418
0.018147
1.128361

Player 4: 
0.706500
0.644115
0.012193
1.115048

Player 5: 
0.000000
0.000000
0.000000
0.000000

Player 6: 
0.954247
0.882629
0.017605
1.127670

Player 7: 
1.635022
1.306500
0.027981
1.152717

Player 8: 
1.444007
1.207051
0.024829
1.154207

Player 9: 
1.169817
0.902428
0.018879
1.114362

Player 10: 
1.762375
0.000000
0.030727
1.158097

Player 11: 
1.140102
0.934999
0.021183
1.173446

Player 12: 
0.983258
0.823472
0.015902
1.116051

Player 13: 
1.213789
1.009548
0.021678
1.143293

Player 14: 
0.000000
0.000000
0.000000
0.000000

Player 15: 
0.000000
0.000000
0.000000
0.000000

Player 16: 
0.000000
0.000000
0.000000
0.000000

Player 17: 
0.010747
0.063037
0.001189
1.103126

Player 18: 
0.000000
0.000000
0.000000
0.000000

Player 19: 
0.000000
0.000000
0.000000
0.000000

Player 20: 
0.000000
0.000000
0.000000
0.000000

Player 21: 
0.000000
0.000000
0.000000
0.000000
Count:
0.000000
9460.000000
9445.000000
9149.000000
0.000000
9135.000000
9631.000000
9632.000000
9631.000000
9631.000000
9416.000000
9408.000000
9631.000000
0.000000
0.000000
0.000000
9631.000000
0.000000
0.000000
0.000000
0.000000
