

Game 9:


Player 1: 
0.000000
0.000000
0.000000
0.000000

Player 2: 
1.162437
0.850271
0.024313
1.122410

Player 3: 
1.370330
1.070207
0.017592
1.132962

Player 4: 
1.547832
1.324257
0.023468
1.173201

Player 5: 
0.000000
0.000000
0.000000
0.000000

Player 6: 
0.000000
0.000000
0.000000
0.000000

Player 7: 
1.190286
1.004667
0.019624
1.126359

Player 8: 
0.857949
0.751746
0.014596
1.097374

Player 9: 
0.826627
0.615836
0.013650
1.092553

Player 10: 
1.404321
1.171843
0.022132
1.140878

Player 11: 
0.698907
0.584294
0.012276
1.146039

Player 12: 
0.920810
0.745096
0.015973
1.119959

Player 13: 
0.860071
0.681684
0.015374
1.115241

Player 14: 
0.551323
0.558169
0.009606
1.129552

Player 15: 
0.000000
0.000000
0.000000
0.000000

Player 16: 
0.000000
0.000000
0.000000
0.000000

Player 17: 
0.000000
0.000000
0.000000
0.000000

Player 18: 
0.000000
0.000000
0.000000
0.000000

Player 19: 
0.000000
0.000000
0.000000
0.000000

Player 20: 
0.000000
0.000000
0.000000
0.000000

Player 21: 
0.000000
0.000000
0.000000
0.000000
Count:
0.000000
9424.000000
9296.000000
9180.000000
0.000000
0.000000
9787.000000
9281.000000
9337.000000
9355.000000
9782.000000
9486.000000
9787.000000
9525.000000
0.000000
0.000000
0.000000
0.000000
0.000000
0.000000
0.000000
