

Game38:


Player 1: 
1.515006
1.313382
0.022911
1.154972

Player 2: 
1.806063
1.419024
0.032069
1.152534

Player 3: 
1.293325
1.114527
0.017888
1.123177

Player 4: 
0.951425
1.055317
0.016487
1.146193

Player 5: 
0.634774
0.561071
0.009065
1.092142

Player 6: 
0.000000
0.000000
0.000000
0.000000

Player 7: 
1.459587
1.230164
0.023463
1.152759

Player 8: 
0.000000
0.000000
0.000000
0.000000

Player 9: 
0.000000
0.000000
0.000000
0.000000

Player 10: 
0.418783
0.497488
0.008549
1.080038

Player 11: 
1.109117
1.014681
0.021469
1.173971

Player 12: 
0.000000
0.000000
0.000000
0.000000

Player 13: 
1.007596
0.898227
0.017585
1.104603

Player 14: 
0.696019
0.663815
0.011686
1.158210

Player 15: 
1.018647
0.921215
0.014604
1.098330

Player 16: 
0.906961
0.792182
0.013397
1.087659

Player 17: 
0.000000
0.000000
0.000000
0.000000

Player 18: 
0.000000
0.000000
0.000000
0.000000

Player 19: 
0.000000
0.000000
0.000000
0.000000

Player 20: 
0.000000
0.000000
0.000000
0.000000

Player 21: 
0.000000
0.000000
0.000000
0.000000


Count:
11256.000000
11257.000000
11257.000000
11257.000000
11257.000000
0.000000
11257.000000
0.000000
0.000000
11257.000000
11257.000000
0.000000
11257.000000
11257.000000
11257.000000
11257.000000
0.000000
0.000000
0.000000
0.000000
0.000000
